layout_spectrum: 0.6071429
color:
  saturation: 0.547619
  brandStrength: 0.772109
  lightness: 0.7318296
  rhythmicContrast: 0.7211779
typography_spectrum: 0.5814536
name: Therefore
